modatecnologico [1] 2 0 1 0 3 1 0 2 0 0 3 2 2 3 0 1 1 0 3 2 1 0 3 2 2 2 0 1 0 2 1 3 3 2 0 2[37] 3 3 0 1 2 3 0 0 1 0 3 2 1 1 2 3 2 1 2 0 1 3 2 0 0 1 2 3 2 3 0 1 2 0 3 0[73] 1 0 2 3 0 2 1 0

> modasocial [1] 2 0 1 3 3 1 0 2 0 0 3 2 0 3 0 0 1 0 3 2 1 0 3 3 3 2 2 1 0 2 1 3 3 1 0 2[37] 2 3 0 1 2 3 1 0 0 0 3 3 1 1 2 3 2 1 3 0 1 3 2 0 0 1 2 3 2 3 0 0 2 0 3 0[73] 1 0 3 0 0 2 1 1

> table(IA$IA,predTecnologico)
   predTecnologico     0  1  2  3  0 16  2  2  0  1  5 15  0  0  2  0  0 18  2  3  3  0  2 15

> table(IA$IA,predSocial)
   predSocial     0  1  2  3  0 14  4  0  2  1  7 13  0  0  2  1  0 13  6  3  3  0  4 13> 

