Moda

0 1 1 0 0 1 1 0 1 1 0 0 1 0 1 1 1 1 0 0 1 1 0 0 0 0 0 1 1 0 1 0 0 1 1 0 0 0 1 1 0 0 1 1 1 1 0 0 1 1 0 0 0 1 0 1 1 0 0 1 1 1 0 0 0 0 1 1 0 1 0 1 1 1 0 0 1 0 1 1

Moda Hombre

0 1 1 0 0 1 1 0 1 1 0 0 0 0 1 1 1 1 0 0 1 1 0 0 0 0 0 1 1 0 1 0 0 1 1 0 0 0 1 1 0 0 1 1 1 1 0 0 1 1 0 0 0 1 0 1 1 0 0 1 1 1 0 0 0 0 1 1 0 1 0 1 1 1 0 0 1 0 1 1

Moda mujer

0 1 1 0 0 1 1 0 1 1 0 0 1 0 1 1 1 1 0 0 1 1 0 0 0 0 0 1 1 0 1 0 0 1 1 0 0 0 1 1 0 0 1 1 1 1 0 0 1 1 0 0 0 1 0 1 1 0 0 1 1 1 0 0 0 0 1 1 0 1 0 1 1 1 0 1 0 0 1 1
